Ordem	Threads	Tempo(s)	Desvio Padrão
0250	1	0.867000	0.009
0500	1	5.158000	0.0584466
1000	1	32.911000	0.234881
1500	1	132.455000	0.772467
2000	1	294.422000	0.271286
3000	1	655.783000	0.247105
4000	1	1196.043000	0.291034
0250	2	0.639000	0.00538516
0500	2	3.383000	0.0705762
1000	2	22.391000	0.0647225
1500	2	71.711000	0.126764
2000	2	179.268000	0.141901
3000	2	406.587000	0.132895
4000	2	733.943000	0.143948
0250	4	0.772000	0.016
0500	4	3.102000	0.0248193
1000	4	23.535000	0.0546352
1500	4	64.937000	0.179892
2000	4	152.458000	0.148243
3000	4	362.268000	0.104384
4000	4	665.181000	0.132095
